Title: Memberships of the open cluster NGC 6405 based on a combined method: 
       Gaussian mixture model and random forest 
Authors: Gao X.
Table: A catalogue of fundamental information for 518 likely cluster members 
    with PRF >= 0.6
================================================================================
Byte-by-byte Description of file: ajaad690t1_mrt.txt
--------------------------------------------------------------------------------
   Bytes Format Units Label  Explanations
--------------------------------------------------------------------------------
   1- 19 I19    ---   Gaia   Gaia DR2 identifier
  21- 35 F15.11 deg   RAdeg  Gaia DR2 Right Ascension, decimal degrees (J2000)
  37- 51 F15.11 deg   DEdeg  Gaia DR2 Declination, decimal degrees (J2000)
  53- 57 F5.3   ---   PRF    RF membership probability
--------------------------------------------------------------------------------
4054223010341368704 265.05610754016 -32.21941814777 1.000 
4054224281651718656 265.07875268242 -32.17016025204 1.000 
4054222220067408768 265.00681714281 -32.23769450882 1.000 
4054967856397970816 264.81046459000 -32.21875339841 1.000 
4054972533624633344 264.91927891322 -32.24087310567 1.000 
4054217822020696960 265.09639322558 -32.31688011836 1.000 
4054215382479484160 264.87217077535 -32.33416386301 1.000 
4054318564734602752 265.10469636016 -32.10311798615 1.000 
4054318869659438080 265.18368604699 -32.07074455830 1.000 
4054967654541892992 264.80910804902 -32.22757671533 1.000 
4054317357830919424 265.19069836289 -32.13201525117 1.000 
4054206998702927104 265.24662606437 -32.31583837786 1.000 
4054223766255637632 265.04149255561 -32.20618237611 1.000 
4054217512783389696 265.00816342224 -32.34583363878 1.000 
4054973839294794240 264.88252473085 -32.17328714846 1.000 
4054219780525857408 265.13464397898 -32.23732800124 1.000 
4054221769040866816 264.96423562111 -32.25266198868 1.000 
4054976308893750272 264.94533079693 -32.06492368086 1.000 
4054223044701097472 265.07169584807 -32.21563787495 1.000 
4054217474070624640 265.00056432209 -32.34522966261 1.000 
4054215859165819392 264.88294122990 -32.29158384833 1.000 
4054972941639257088 264.91968898332 -32.20485828892 1.000 
4054224487810179072 265.08427885056 -32.13548131199 1.000 
4054966039634066048 264.84633362950 -32.32111016246 1.000 
4054222838542637952 265.08465408392 -32.22790608052 1.000 
4054221498512876672 265.03690529435 -32.23798444519 1.000 
4054973422675449088 264.92363136485 -32.16899283460 1.000 
4054219230770292096 265.22421865000 -32.24828857592 1.000 
4054314372846494464 265.19691562011 -32.15887854905 1.000 
4054215554278157952 264.89096743290 -32.33779174743 1.000 
4054221773390818304 264.97038177218 -32.25754381776 1.000 
4054973216517019008 264.97382292584 -32.17363237003 1.000 
4054217581502560640 265.04235820518 -32.34057216543 1.000 
4054218096898654208 265.07277443596 -32.30330474422 1.000 
4054217611509577728 265.02508438423 -32.33125688505 1.000 
4054220119773459840 265.18110917044 -32.21447163195 1.000 
4054221498512891520 265.02862608328 -32.23077419313 1.000 
4054220605159589120 265.02891615690 -32.31439576470 1.000 
4054220910047371520 264.98148212810 -32.28161896413 1.000 
4054218199977905664 265.07565091372 -32.27455629415 1.000 
4054219952324520832 265.15805339600 -32.23688386692 1.000 
4054967963779551488 264.80922937083 -32.21555205677 1.000 
4054967031764219648 264.78662602706 -32.28299893732 1.000 
4054214660924892032 264.92416427996 -32.36944264486 1.000 
4054223834975129600 265.04259561614 -32.19057044430 1.000 
4054318392935907712 265.12902042994 -32.09748977592 1.000 
4054215760436622336 264.87683023032 -32.31418646158 1.000 
4054317396503477888 265.18002892893 -32.13958848059 1.000 
4054218337416685952 265.15649260396 -32.32146094925 0.999 
4054967581519927680 264.82783680419 -32.24169753203 0.999 
4054319492447796352 265.24605080974 -32.05840474986 0.999 
4054220673879115008 265.00682671186 -32.29632843335 0.999 
4054973564416866688 264.94542014531 -32.14167569863 0.999 
4054973289539910272 264.96523316729 -32.16616202816 0.999 
4054975076245363328 264.95925576694 -32.12223524750 0.999 
4054223216499737600 265.13068899466 -32.20831337524 0.999 
4054979130694565504 264.91677775267 -32.07428720641 0.999 
4054218681014109440 265.17578760705 -32.28040652261 0.999 
4054223319578970496 265.14160502286 -32.18632907231 0.999 
4054223216499749120 265.13049477808 -32.19946022536 0.999 
4054977069110266368 264.84118212307 -32.13230373294 0.999 
4054206655105574528 265.20654770523 -32.32748993522 0.999 
4054206586386068096 265.22046778808 -32.33618421396 0.999 
4054215897875561856 264.90937149237 -32.30193157541 0.999 
4054301071314242944 265.27297121351 -32.24754039390 0.999 
4054223147780344832 265.07414538205 -32.18289246128 0.999 
4054206826904191872 265.26805050515 -32.32446781840 0.999 
4054219093330974848 265.19266657567 -32.26454977200 0.999 
4054973633136349952 264.87053520173 -32.19590501001 0.999 
4054314097968576512 265.22713665059 -32.17612529471 0.999 
4054221876470069248 264.91331191405 -32.26417828646 0.999 
4054979920968616448 264.91952653225 -32.01303838230 0.999 
4054317632720090368 265.17710410112 -32.12148065755 0.999 
4054975729080391168 265.03042575460 -32.06606325232 0.999 
4054318422982116608 265.14449475585 -32.10899425408 0.999 
4054316537510273536 265.31212694190 -32.07493917048 0.999 
4054977962463529984 264.86569037632 -32.05608285848 0.999 
4054318014978776960 265.17921064787 -32.10152485503 0.999 
4054314510285436544 265.24881103702 -32.15955979457 0.999 
4054966482008300416 264.87161039748 -32.28994993692 0.999 
4054224109853074432 265.00942570335 -32.16028435032 0.999 
4054976278836274176 264.93425748961 -32.06667428272 0.999 
4054218165618142592 265.06887446248 -32.29754898584 0.999 
4054224212932285568 265.02525297835 -32.15957775307 0.998 
4054977103470021248 264.82626797357 -32.12929956412 0.998 
4054219574367682944 265.14942769570 -32.26066484850 0.998 
4054980363342940032 264.89611781338 -31.99743784437 0.998 
4055071249150036864 265.04349507453 -31.96499786420 0.998 
4054217989466697984 265.06889474239 -32.30257032115 0.998 
4054215313760028160 264.83708293764 -32.34230374174 0.998 
4054217925099940992 265.09495656828 -32.29994505293 0.998 
4054211465469153920 264.96547234538 -32.38690760393 0.998 
4054220154147614336 265.14068226403 -32.23007239017 0.998 
4054223800615399424 265.02708086183 -32.19380754680 0.998 
4054320763758159616 265.18737543121 -32.00331466772 0.998 
4054217027404248192 265.13461009067 -32.33665866751 0.998 
4054223731895900288 265.03952362632 -32.20653821691 0.998 
4055070974272125824 265.06045960460 -31.97985150306 0.998 
4054300521558429312 265.37157734037 -32.25679440741 0.998 
4054218848460156416 265.20706785337 -32.29028651824 0.998 
4054215348119743104 264.86000072882 -32.34691447698 0.998 
4054974217251917184 264.89369856182 -32.16355470972 0.998 
4054317224704782848 265.18063713775 -32.15568955507 0.998 
4054217267914973696 265.05967635652 -32.36120464749 0.998 
4054221189275199488 265.04623346666 -32.25662756579 0.998 
4054976691153134208 264.95592598453 -32.04993000874 0.997 
4054222421875921152 264.95544126712 -32.22674845989 0.997 
4054975316763492352 265.01930326824 -32.11433159381 0.997 
4054978546579099264 264.81818735964 -32.08049721149 0.997 
4054313823090926208 265.28036008969 -32.15183654775 0.997 
4054223040351222272 265.07509155224 -32.21214735057 0.997 
4054977309628460672 264.81677494047 -32.12922959012 0.997 
4054205830471674880 265.31977076522 -32.34058746396 0.997 
4054207204861406208 265.24911692187 -32.27775257111 0.997 
4055073890550293504 265.00814131856 -31.95307719767 0.997 
4054223697536154368 265.12946115950 -32.14177829539 0.997 
4054974148532427904 264.90090046139 -32.16880831696 0.997 
4054220188507463040 265.15570930097 -32.21833125269 0.997 
4054224178572535296 265.05266601686 -32.15914805661 0.997 
4054301109987430400 265.29447082352 -32.25256485386 0.997 
4054319458088058368 265.23977894193 -32.06257775580 0.997 
4054318805252777728 265.12449608080 -32.05302483864 0.997 
4055071695826710272 265.17841917382 -31.94728626759 0.997 
4054221635951863168 264.94332919069 -32.28132561113 0.997 
4054973495698340864 264.95925846332 -32.16086982085 0.996 
4054206036630123136 265.30717532375 -32.33968448565 0.996 
4054979916666327680 264.93397353745 -32.01346977181 0.996 
4054977378347984384 264.79953295926 -32.10530508295 0.996 
4054966585087622784 264.87318587922 -32.27709721027 0.996 
4054221670311582336 264.96971637035 -32.27998530198 0.996 
4054219982334487552 265.17196826381 -32.23515766425 0.996 
4054972563681991168 264.89981289309 -32.24628967055 0.996 
4054221361073928064 265.01508158434 -32.25176159210 0.996 
4054320518925831296 265.21941300513 -32.01486324020 0.996 
4054220811318106368 264.97081911582 -32.29424217933 0.995 
4054222215730764800 265.00654458591 -32.22853908459 0.995 
4054223457018308096 265.10302563569 -32.19039718408 0.995 
4054977034750527104 264.82617038280 -32.14543813829 0.995 
4054966997404471296 264.76638676064 -32.29965449816 0.995 
4054219917964765184 265.17674967368 -32.23396989142 0.995 
4054224144212798080 265.03739828293 -32.16939258074 0.995 
4054967654532351616 264.81413070143 -32.22819606482 0.995 
4054966211433804160 264.80777585693 -32.31004393546 0.995 
4054218784093254400 265.21066978920 -32.29445404007 0.995 
4055074753843361664 264.94220086580 -31.94640925214 0.995 
4054314059296085120 265.24728226386 -32.17759783075 0.995 
4054971979566437504 264.73717289387 -32.15907502279 0.995 
4054204760967431808 265.14194623296 -32.40472839259 0.994 
4054221292354437632 265.01742141348 -32.26137023379 0.994 
4054219226420233472 265.21576784120 -32.24606254350 0.994 
4054970364658859776 264.72075556804 -32.24083645546 0.994 
4054315811641535616 265.36152508283 -32.09569847509 0.994 
4055075681556451456 264.97117910242 -31.86295909730 0.994 
4054207131792287616 265.26558898347 -32.27937200657 0.994 
4054211568548650880 264.97214992127 -32.37661792893 0.994 
4054206414587865344 265.19133154689 -32.36257920276 0.994 
4054219746166100352 265.12753083195 -32.25591648888 0.994 
4054300972548475136 265.27855203605 -32.26983406420 0.994 
4055074891282315264 264.96271600965 -31.92945261472 0.994 
4054316842433760768 265.35866875061 -32.05049002048 0.993 
4054216271479784320 265.09901297403 -32.39013680879 0.993 
4054300594591571968 265.39645389280 -32.23426189449 0.993 
4054978542276735104 264.81168735910 -32.07291674899 0.993 
4054970300241782272 264.72730017709 -32.25489232191 0.993 
4054973633136338944 264.86969787351 -32.20731193016 0.993 
4054315266199931904 265.31200320051 -32.14732248283 0.993 
4054980810019550592 264.88572613950 -31.98311400434 0.993 
4054980092767311360 264.96158810445 -31.97703264562 0.993 
4054300835109506048 265.32007045840 -32.27256864587 0.993 
4054217272264867456 265.05729347076 -32.35970810918 0.992 
4054972529322252416 264.91850828044 -32.23851841196 0.992 
4054217581502577792 265.04648296951 -32.32532718625 0.992 
4054221631601893888 264.94764279579 -32.26786873812 0.992 
4054303171571987968 265.36197127543 -32.18687303019 0.992 
4054211534188614400 264.99476372700 -32.37364020540 0.992 
4054215141961304576 264.87060429362 -32.34788631129 0.992 
4054299868723918208 265.32615581738 -32.31699279052 0.992 
4054979469989399040 264.87885454417 -32.02549318421 0.991 
4055075853355095808 265.08233629667 -31.90571992845 0.991 
4055074410246093184 265.04937051027 -31.91246132744 0.991 
4054218577934888832 265.13797982054 -32.31580383479 0.991 
4054215691717123584 264.91061231791 -32.30933143303 0.991 
4054220016701775488 265.18933060954 -32.22714207080 0.991 
4054970987436552448 264.80121321758 -32.19075780514 0.991 
4054975316763486336 265.02375573622 -32.11584852002 0.991 
4054313994889362304 265.20646664697 -32.19065393895 0.991 
4054219677446654848 265.08996566511 -32.26402469490 0.990 
4054977996823277568 264.77593486549 -32.12255300133 0.990 
4054972357523768320 264.72227836496 -32.12695443200 0.990 
4055072245582520960 265.23876009223 -31.90688252869 0.990 
4054967998139298688 264.82598852299 -32.19034346376 0.990 
4054974732647916544 264.99377254646 -32.15528142024 0.990 
4054222353156436352 264.95996106992 -32.23462652074 0.990 
4054213389614637696 264.81259915799 -32.40448494635 0.989 
4054974870086857472 265.02441868136 -32.14100271004 0.989 
4054295814274274304 265.46665466760 -32.38299907353 0.988 
4054211293670413568 264.99241831344 -32.39678812950 0.988 
4054966516368137856 264.84271776242 -32.29306311574 0.988 
4054297635340954240 265.53842074044 -32.29472318187 0.988 
4054221837760321024 264.93998565761 -32.27228272497 0.988 
4054216344551854336 265.06977702534 -32.39549422384 0.987 
4054214248608024448 264.91002169500 -32.38581653609 0.987 
4054297055538227328 265.43550203967 -32.31115630864 0.987 
4054296986818731648 265.45110998359 -32.32938691216 0.986 
4054314235407539072 265.18574368061 -32.17642528745 0.986 
4054320347127180032 265.29071309212 -31.99108798202 0.986 
4054303583888838400 265.44942757989 -32.13812303234 0.986 
4054965455518608128 264.72724123523 -32.32126703168 0.986 
4054219093330952832 265.20652682106 -32.26763639869 0.986 
4054211254960699264 265.02128147454 -32.39352801216 0.986 
4055087015970406784 264.94046886440 -31.87492523548 0.985 
4055071730186449152 265.14725610338 -31.97217691509 0.985 
4054302346938201216 265.47768625340 -32.21248122727 0.985 
4054312861017969280 265.23865296382 -32.24967133812 0.985 
4054318633434909696 265.08207815429 -32.09162253062 0.985 
4055072039424082432 265.22627562997 -31.93856622762 0.984 
4054975076245359488 264.96731950013 -32.11999242532 0.984 
4054297051225382784 265.44229148799 -32.30859249331 0.984 
4054314024936251776 265.23240037979 -32.19609781056 0.984 
4054211053152294016 264.94270952019 -32.40466053109 0.984 
4054205143276868736 265.26043439696 -32.41114860802 0.983 
4054971292371855488 264.78462209642 -32.15192382883 0.983 
4054975213684315776 264.98764305402 -32.10064363338 0.983 
4054305576753931648 265.54580383869 -32.15114403542 0.983 
4054973220809775488 264.97279693930 -32.17916349460 0.983 
4054980054105295360 264.94752821997 -31.99562272009 0.983 
4054302243859009024 265.44473360779 -32.20318412079 0.982 
4054210705218216832 264.98474940263 -32.43847812456 0.982 
4054992561049716608 264.79407292488 -31.97008346073 0.981 
4054296123512410496 265.44848618946 -32.33633898365 0.981 
4054315025681743360 265.35118873498 -32.15221419716 0.981 
4054216241472615296 265.09112875374 -32.39125217400 0.981 
4055069840392593024 265.12781834986 -32.02516378142 0.980 
4054298842244868352 265.44357354331 -32.27294802973 0.980 
4054248986261753216 265.51146962936 -32.36764497474 0.980 
4054211431109395328 264.96785599193 -32.39898361465 0.980 
4054303961845984384 265.43404311319 -32.09562388805 0.980 
4054301900261607040 265.43549911405 -32.23768988570 0.979 
4054215176321030912 264.88019956449 -32.35126067961 0.979 
4054224109853070848 265.00839776945 -32.17284285860 0.979 
4054216924317604736 265.09038573317 -32.35170148493 0.979 
4054309837361241856 265.44627312451 -32.09293557437 0.978 
4054298429927963776 265.55563073847 -32.24478628041 0.978 
4054217061756589568 265.11620696858 -32.33421298684 0.978 
4055072245582521728 265.23326620623 -31.90944470705 0.978 
4054972636694200576 264.92391515482 -32.22614352454 0.977 
4054993145165677568 264.85213657896 -31.91020173892 0.977 
4054215176321032064 264.87978944290 -32.35091334583 0.977 
4054210194158646016 265.03993072349 -32.44537359845 0.977 
4054303205932031360 265.37698255017 -32.17058442052 0.976 
4055070355788689024 265.02941337437 -32.03963930228 0.976 
4055075647196710784 264.96310696356 -31.87374027454 0.975 
4054218917197752576 265.24128189312 -32.27846198630 0.975 
4054974934504146048 265.01670176522 -32.12700094312 0.975 
4054315128760961664 265.35639148145 -32.14178956281 0.975 
4055075952134376576 265.07956465444 -31.88497151899 0.974 
4054203803247095296 265.21300158870 -32.43761349566 0.974 
4054215279400279552 264.83497168771 -32.35498854241 0.973 
4054990194521378048 264.72214616021 -32.06144182332 0.973 
4054296711940851456 265.38158914206 -32.34091229497 0.973 
4054206650770852736 265.19993205298 -32.32235543699 0.973 
4054296127805590528 265.44547859585 -32.34081225486 0.973 
4054216580720150528 265.11874193699 -32.38941637406 0.972 
4054322138147929216 265.47158212891 -32.04030913551 0.971 
4054204112484818304 265.14674548904 -32.44553668980 0.969 
4054321927674331776 265.39903560738 -32.04576261147 0.969 
4054966245792551040 264.78571615090 -32.31298319235 0.969 
4054973083380460288 264.95051300513 -32.20280502904 0.969 
4054219020261790080 265.23308021303 -32.25690494761 0.968 
4054305160122432896 265.54919332829 -32.20081843077 0.967 
4054223422658215168 265.13946720761 -32.16395601971 0.967 
4054990297609728640 264.74076111565 -32.04365963388 0.967 
4054322889747802624 265.38995173841 -32.00129718303 0.966 
4054973083380449280 264.95840258492 -32.20671627338 0.966 
4054313101536149376 265.24393879427 -32.21448839452 0.965 
4054303785733032064 265.38776949231 -32.13533197646 0.965 
4054202497576911232 265.35511213448 -32.39351089947 0.965 
4055073718751630592 264.98049548684 -31.97058271049 0.963 
4054963771891332736 264.71540740072 -32.42835318094 0.963 
4054976072668334592 264.92675638131 -32.09926176390 0.962 
4054975248043996672 265.02987553305 -32.12150561142 0.962 
4055073650032221184 264.98813847633 -31.98780030813 0.962 
4054973079078214016 264.95785856631 -32.20005596873 0.962 
4054215760436618624 264.87697310834 -32.31824010246 0.961 
4054222013909021824 264.93545564804 -32.24824088630 0.961 
4055069428083885952 265.11429767870 -32.05043894981 0.959 
4054309626888618496 265.49504576239 -32.10008321426 0.958 
4054206547676638720 265.20816181014 -32.33904158219 0.958 
4054300491512116096 265.35643128346 -32.26045010393 0.957 
4054223250859500032 265.11480964634 -32.20237535260 0.956 
4054967104786052864 264.77156297128 -32.28234057246 0.955 
4054990362026744832 264.70865264249 -32.06277064810 0.954 
4054315609780021760 265.38194060925 -32.11403599208 0.954 
4054205383795126656 265.21500696274 -32.39483430840 0.953 
4054217027397968896 265.13413341385 -32.33088877178 0.953 
4054222215724918016 265.01080814612 -32.22372309120 0.953 
4054220021043973632 265.18412768967 -32.23226312142 0.952 
4054206341525668352 265.21851997650 -32.36159907401 0.952 
4054971532890372480 264.70095743939 -32.18522511487 0.951 
4054206341536523776 265.22137361043 -32.35807585991 0.951 
4054223491377699840 265.11626043051 -32.17565620076 0.950 
4055076089573025792 265.09662623793 -31.86088983690 0.950 
4054222357506517888 264.97332403134 -32.23828970279 0.950 
4054212083944506240 264.82066478426 -32.45892095994 0.946 
4054216035314142464 265.08629524962 -32.42987306262 0.944 
4054210606475617920 264.93039624307 -32.46467928437 0.939 
4054990362026751104 264.70465370465 -32.05486935623 0.936 
4054975110605068160 264.99462659002 -32.12785877523 0.935 
4054219570014660224 265.14309609081 -32.25551096403 0.934 
4054217203529933312 265.01777335283 -32.37748125990 0.934 
4054973804935060608 264.87071868265 -32.17850166939 0.934 
4054224487810175360 265.08718537311 -32.13666157009 0.934 
4054219432575707904 265.12690021295 -32.27867942821 0.933 
4054248505207936384 265.52575987892 -32.41520198427 0.931 
4054201428075436544 265.41206999794 -32.43497250583 0.928 
4054222524955169024 265.00174240774 -32.19466985386 0.923 
4054222323146647680 265.00925438783 -32.21048011527 0.920 
4054992561049716736 264.80056883783 -31.97123941511 0.918 
4054970880054958592 264.78799614832 -32.20031484797 0.917 
4054297223024088704 265.40727170117 -32.29896826013 0.915 
4054206929983425920 265.27764762626 -32.30413104811 0.914 
4054312826638878464 265.26351735444 -32.25139679485 0.913 
4054203356570529152 265.16132841684 -32.45883509193 0.911 
4054301625383514240 265.31766085802 -32.21321691804 0.910 
4054221116205815424 265.05838006161 -32.27061232235 0.907 
4054978679715996032 264.84091575884 -32.05086521214 0.906 
4055069733022041728 265.06622477648 -32.02370586570 0.903 
4054219501305678464 265.15226781107 -32.25978700626 0.902 
4054316159553143936 265.28652689514 -32.11483061417 0.900 
4054211602892753024 264.99159634412 -32.36482996582 0.900 
4054976381915444992 265.00072014927 -32.06704412559 0.897 
4054209090296969472 264.91473446293 -32.48032734519 0.897 
4054201844741846016 265.29710228562 -32.46187194666 0.896 
4054213217800979200 264.75811770744 -32.41820548737 0.894 
4054984245993292288 264.69351264345 -32.08153912656 0.893 
4054975591641435904 265.00619133428 -32.08744563298 0.893 
4054971601609474048 264.69280736724 -32.18608546103 0.891 
4054968715391393664 264.67701823805 -32.29229003926 0.890 
4054214729629289728 264.91501119740 -32.35136779668 0.889 
4054970192860192256 264.65366357688 -32.19943335904 0.888 
4054313135876596736 265.22295386978 -32.21631983108 0.888 
4054982291790680960 264.61186390445 -32.15381124975 0.887 
4054317701428317312 265.15808979262 -32.10396093108 0.886 
4054221292354421888 265.01953230814 -32.27204726230 0.885 
4054315296258176768 265.33933731571 -32.13452574356 0.884 
4054983661882059008 264.67306186514 -32.13224276766 0.884 
4054968474873220224 264.60839873935 -32.30101636666 0.883 
4054974870086867968 265.02315207732 -32.13305989966 0.881 
4054303034133012352 265.41453876249 -32.18744495715 0.881 
4054964832740926208 264.69229448877 -32.36739529711 0.880 
4055072928477086720 265.09507833462 -31.89906630769 0.879 
4054971915149637120 264.68525749397 -32.14946054496 0.878 
4054217237905160448 265.03492016349 -32.35629370158 0.876 
4054205276366232064 265.28213944540 -32.38674581014 0.876 
4054971739048432768 264.64739205996 -32.17790789591 0.875 
4054971812070404608 264.68602950627 -32.16539196394 0.875 
4054213114736757888 264.74923448448 -32.42783885461 0.872 
4054984280353033600 264.70506619004 -32.07978131445 0.871 
4054206380227606656 265.23043680213 -32.34649444741 0.870 
4054941575500452096 264.63377084559 -32.38683310374 0.868 
4054965760453893632 264.72707175655 -32.29319179711 0.867 
4055070630674742784 265.01680988053 -32.01092579411 0.866 
4054218646654358400 265.16349302096 -32.29975977873 0.865 
4055069389424654976 265.09827659158 -32.05129942058 0.863 
4054941266262774656 264.64715564580 -32.40904696669 0.863 
4054219299489447296 265.20961962468 -32.22447547460 0.858 
4054327223389301632 265.31330226329 -31.92333601887 0.856 
4054318839612503552 265.16806955380 -32.08613018379 0.856 
4054211568548375296 264.97298294287 -32.37563745195 0.854 
4054316430118283008 265.27034972030 -32.08811632907 0.852 
4054976721211098496 264.97692841952 -32.03326223533 0.852 
4054323336422344192 265.43061656568 -31.96124546601 0.847 
4054979298190998784 264.91454033832 -32.05278084242 0.847 
4054220845662694784 264.98938814871 -32.29838733450 0.847 
4054317907586755584 265.24834829884 -32.08870757302 0.846 
4054216963027198592 265.10251100181 -32.33660153540 0.844 
4054977511484547328 264.85012475569 -32.10412177776 0.841 
4054975522921939200 265.01765997946 -32.09895449924 0.841 
4054317770147791872 265.21994669624 -32.10739233931 0.840 
4054214592205632896 264.95539330587 -32.35217956613 0.840 
4054215245040532608 264.84446849003 -32.35498741716 0.836 
4054979543002110208 264.91547319497 -32.02582084549 0.833 
4054218779743565056 265.21780680342 -32.29913278804 0.832 
4054991775078561408 264.73499688918 -31.97813360749 0.832 
4054966172770734848 264.79226319888 -32.33204187201 0.832 
4054221739016074496 264.95681594898 -32.26575530795 0.827 
4054217031732486016 265.13009539206 -32.33543936574 0.827 
4054220192842729344 265.15173159858 -32.21450805041 0.825 
4054979229471522432 264.92899251288 -32.05226678782 0.815 
4054969887924992256 264.66261266400 -32.23590099883 0.813 
4054221670311582976 264.96737060386 -32.28100374168 0.811 
4054214690935749376 264.93488658484 -32.34471201552 0.806 
4054314746490802048 265.23388416250 -32.13405776496 0.806 
4054976725512869504 264.97356721005 -32.03825566135 0.805 
4054220158482970240 265.14113584302 -32.23756908796 0.800 
4054297566621846784 265.55067120116 -32.32129517597 0.795 
4054991740718827264 264.71710052832 -31.99017453043 0.795 
4054977103470011008 264.82339839551 -32.14098702895 0.794 
4054973388316246144 264.91862908300 -32.17658529986 0.789 
4054300972529102080 265.27547849920 -32.27981825103 0.784 
4054308458657411200 265.51294177951 -32.15498071505 0.784 
4054308703472436608 265.50754999802 -32.12458094937 0.781 
4054221257994682112 265.01547430759 -32.27661179034 0.781 
4054316498836342912 265.29641793419 -32.06977143984 0.776 
4054220021043966976 265.19012163359 -32.23122549102 0.771 
4054967688901602944 264.83639041564 -32.23217346676 0.771 
4054964424716656256 264.80939530878 -32.35577419859 0.770 
4054222284439979008 265.00096940034 -32.23233239300 0.769 
4054296196527148032 265.48529742855 -32.33895706525 0.769 
4054205040198308224 265.26301869639 -32.43041239862 0.765 
4054223525737462784 265.08259659597 -32.17942004009 0.761 
4054219604380145152 265.09926433047 -32.27064397779 0.761 
4054217925099944064 265.09973025578 -32.29468954910 0.760 
4054201672943106176 265.37387923507 -32.42642583721 0.758 
4054220399001180544 265.16628426896 -32.18864911470 0.758 
4054172020487597952 264.89890978515 -32.63191681203 0.757 
4054314956962318720 265.24524571641 -32.10148069476 0.756 
4054213179105994880 264.77476403868 -32.41905739444 0.753 
4054319934810229888 265.30124559043 -32.04087577259 0.753 
4054224517816980864 265.10937748928 -32.12408727276 0.750 
4054975213674770176 264.98748825588 -32.09847335753 0.747 
4054320866820306816 265.18829542575 -31.99947456711 0.745 
4054316056473920256 265.39529448831 -32.05823155438 0.744 
4054154320874019712 265.42440195286 -32.47702045376 0.744 
4054202566279672320 265.31588340652 -32.40316900736 0.741 
4054973014651470720 264.90053405616 -32.18872893251 0.740 
4054223525737463424 265.08204626780 -32.17913297686 0.739 
4054318770873862656 265.11016031082 -32.07098984956 0.738 
4054198649268523776 265.25832453372 -32.57187705138 0.736 
4054217066106412032 265.11590657187 -32.32663799832 0.735 
4054222220052377600 265.01549236873 -32.23087471835 0.733 
4054967203562915456 264.78459228351 -32.27166120902 0.730 
4054321343558410368 265.24307770186 -31.95956396102 0.729 
4054222975966601472 265.04222561582 -32.21695027584 0.728 
4054214832708412672 264.95907187447 -32.33844016086 0.726 
4054300422792626944 265.37062420307 -32.27594758727 0.724 
4054218577934912128 265.13107911473 -32.30733777003 0.722 
4054314888242827648 265.26557433341 -32.12061273857 0.721 
4054222494945357568 264.98474326012 -32.21071109100 0.721 
4054321863269701760 265.41332132776 -32.05459605994 0.720 
4054191536820283904 265.10442308362 -32.64669875611 0.716 
4054964356006894720 264.77784208244 -32.36346913344 0.715 
4054302102107009152 265.41916830366 -32.23086585211 0.715 
4055069256285194240 265.08193977205 -32.07587896565 0.711 
4054214484776150912 264.94199632774 -32.36802915801 0.709 
4054222563664837760 264.98340634902 -32.20615442048 0.708 
4054195144593028992 264.94574152572 -32.65150596163 0.706 
4054310112229063680 265.50598519543 -32.07070255063 0.706 
4054303583871450752 265.46093245546 -32.14661403785 0.706 
4054975140662596480 265.00698103680 -32.10747122171 0.705 
4054213080362018688 264.73494390449 -32.43976549342 0.705 
4054196789510337280 265.11751488960 -32.56484853225 0.704 
4054193048648778624 265.12487009363 -32.62726733546 0.704 
4054200740880483584 265.33559142827 -32.50150818101 0.704 
4054198855444493824 265.24758134710 -32.56483817139 0.704 
4054207754617247616 264.89858862814 -32.54168257609 0.704 
4054221494162977920 265.04057782202 -32.23544565471 0.702 
4054202050900334976 265.28474411621 -32.43655805176 0.701 
4054971842127672960 264.69250758397 -32.14787440885 0.697 
4054217444048164736 265.02717733993 -32.35723235284 0.691 
4055075230580142592 264.92608096191 -31.89104446180 0.690 
4054193254807252096 265.11221387361 -32.61269395868 0.689 
4054208166918365440 264.92932121276 -32.51613839405 0.688 
4054199950606460160 265.20895723530 -32.51346461147 0.688 
4054298773507784320 265.44576810346 -32.27912263820 0.684 
4054219127675228416 265.16963007590 -32.26497782012 0.683 
4054220467706423936 264.99543692098 -32.33326550070 0.683 
4054189234716603520 264.75203738349 -32.49756727402 0.683 
4054196278447462016 265.08842811639 -32.59891571729 0.681 
4054193770203320576 265.14357949273 -32.59227865896 0.680 
4054192563262241152 265.24285283136 -32.62732705868 0.680 
4054974109870407808 264.84998495850 -32.14568095665 0.679 
4054204314293479680 265.09591606382 -32.42796154046 0.677 
4054992702791451392 264.82166609304 -31.94776925247 0.677 
4054940093729264512 264.69933670503 -32.46427923733 0.675 
4054211289321611136 264.99630964564 -32.39913448515 0.674 
4054153393158576896 265.39264846313 -32.55831861315 0.672 
4054326222648473984 265.35857003159 -31.94472338298 0.672 
4054314574703544960 265.27649529163 -32.14331690470 0.671 
4054201909111768448 265.32721028104 -32.43645608386 0.669 
4054300457132948736 265.37420186152 -32.25759579402 0.666 
4054152194917775360 265.32789210735 -32.55163497131 0.666 
4054154050343600128 265.45332430928 -32.49101361579 0.665 
4054968925852285440 264.66004918033 -32.26788251361 0.665 
4054975175022658944 264.97607156727 -32.11799753031 0.664 
4054202119620544640 265.27050607133 -32.43658411877 0.662 
4054222872902583040 265.09620262650 -32.21775930996 0.662 
4054315266182656896 265.31965091012 -32.14646593123 0.662 
4054210709539236992 264.96947339632 -32.44381015743 0.659 
4054204898410284672 265.16528458111 -32.38336895223 0.658 
4054213905010607232 264.89519458523 -32.42261062325 0.657 
4054971601609852544 264.69525697771 -32.17006687040 0.656 
4054215726076862976 264.92183247609 -32.29933808983 0.656 
4054212491929511168 264.84042826427 -32.44628074342 0.655 
4054318324199580544 265.13430958099 -32.10379915101 0.655 
4054299632518624768 265.35603244195 -32.33935802327 0.653 
4054974663921470592 264.90107076214 -32.10791793284 0.653 
4054220021043971712 265.18812640988 -32.22988113304 0.649 
4054193323526767744 265.09551806279 -32.60348773558 0.646 
4054976313196011136 264.95276351697 -32.05279119074 0.645 
4054218062538954368 265.04991734520 -32.29463672905 0.645 
4054154217792294912 265.40937406599 -32.48809974114 0.644 
4054317843160861184 265.20375298512 -32.09677939964 0.640 
4054302896694054912 265.38987211079 -32.21593866222 0.637 
4054317289112206592 265.16467157825 -32.15107394459 0.634 
4054977137820336128 264.83408829854 -32.12418034835 0.633 
4054991324099466112 264.71278019962 -32.01309530997 0.626 
4054205452498194432 265.25508276893 -32.39282377516 0.624 
4054197137457870080 265.08949347235 -32.52583116809 0.620 
4054298292489016704 265.52791191434 -32.25895480652 0.616 
4054297021178701824 265.46596559868 -32.30405258221 0.613 
4054212320112449536 264.87333296435 -32.45508221005 0.612 
4054969303800112000 264.59595071223 -32.27060387050 0.610 
4055076025153794688 265.10502165620 -31.87121988833 0.607 
4054313891810141952 265.20382497188 -32.21185225815 0.607 
4054218303056936960 265.15705202259 -32.32707871055 0.606 
4054968096916511104 264.64101734205 -32.34021704787 0.604 
4054317151671459456 265.34440782200 -32.01980632389 0.603 
